-5.67513e-25 0 -9.55175e-35 12.7279
-3.42046e-23 2.08967e-21 0.0241903 12.7279
-4.33376e-19 -1.40995e-20 0.0529255 12.7279
-3.91065e-22 1.04605e-20 0.0804464 12.7279
-3.91065e-22 1.04605e-20 0.106993 12.7279
-3.91065e-22 1.04605e-20 0.132687 12.7279
-3.91065e-22 1.04605e-20 0.157268 12.7279
5.63421e-08 9.37724e-09 0.180123 12.7279
5.63424e-08 9.3773e-09 0.202987 12.7279
5.63427e-08 9.37735e-09 0.224895 12.7279
5.63429e-08 9.37742e-09 0.246122 12.7279
5.63432e-08 9.37749e-09 0.266455 12.7279
5.63435e-08 9.37756e-09 0.285908 12.7279
5.63437e-08 9.37764e-09 0.304739 12.7279
5.6344e-08 9.37773e-09 0.322778 12.7279
5.63442e-08 9.37781e-09 0.340258 12.7279
5.63445e-08 9.37789e-09 0.357003 12.7279
5.63447e-08 9.37798e-09 0.373227 12.7279
5.63449e-08 9.37807e-09 0.388767 12.7279
5.63451e-08 9.37816e-09 0.403635 12.7279
5.63453e-08 9.37826e-09 0.418028 12.7279
5.63456e-08 9.37836e-09 0.431799 12.7279
5.63458e-08 9.37846e-09 0.44513 12.7279
5.6346e-08 9.37856e-09 0.4579 12.7279
5.63462e-08 9.37867e-09 0.470261 12.7279
5.63464e-08 9.37878e-09 0.482101 12.7279
5.63466e-08 9.37889e-09 0.493575 12.7279
5.63468e-08 9.37901e-09 0.504565 12.7279
5.63471e-08 9.37913e-09 0.515201 12.7279
5.63473e-08 9.37925e-09 0.525388 12.7279
5.63475e-08 9.37937e-09 0.535135 12.7279
5.63477e-08 9.37949e-09 0.544591 12.7279
5.63479e-08 9.37962e-09 0.553649 12.7279
5.63481e-08 9.37974e-09 0.562426 12.7279
5.63483e-08 9.37987e-09 0.570833 12.7279
5.63485e-08 9.38e-09 0.578895 12.7279
5.63487e-08 9.38014e-09 0.586707 12.7279
5.63489e-08 9.38027e-09 0.594198 12.7279
5.63491e-08 9.3804e-09 0.601365 12.7279
5.63493e-08 9.38054e-09 0.608311 12.7279
5.63495e-08 9.38068e-09 0.614965 12.7279
5.63497e-08 9.38082e-09 0.62142 12.7279
5.63499e-08 9.38096e-09 0.627581 12.7279
5.63501e-08 9.3811e-09 0.633558 12.7279
5.63503e-08 9.38125e-09 0.639283 12.7279
5.63505e-08 9.38139e-09 0.644766 12.7279
5.63507e-08 9.38153e-09 0.65008 12.7279
5.63508e-08 9.38168e-09 0.65517 12.7279
5.6351e-08 9.38183e-09 0.660097 12.7279
5.63512e-08 9.38198e-09 0.66481 12.7279
5.63514e-08 9.38212e-09 0.669367 12.7279
5.63516e-08 9.38227e-09 0.673726 12.7279
5.63518e-08 9.38242e-09 0.677951 12.7279
5.6352e-08 9.38257e-09 0.681993 12.7279
5.63522e-08 9.38273e-09 0.685909 12.7279
5.63523e-08 9.38288e-09 0.68966 12.7279
5.63525e-08 9.38303e-09 0.693253 12.7279
5.63527e-08 9.38319e-09 0.696735 12.7279
5.63529e-08 9.38334e-09 0.70007 12.7279
5.63531e-08 9.3835e-09 0.703302 12.7279
5.63533e-08 9.38365e-09 0.706397 12.7279
5.63534e-08 9.38381e-09 0.709362 12.7279
5.63536e-08 9.38397e-09 0.712238 12.7279
5.63538e-08 9.38412e-09 0.714993 12.7279
5.6354e-08 9.38428e-09 0.717632 12.7279
5.63542e-08 9.38444e-09 0.72019 12.7279
5.63544e-08 9.3846e-09 0.722643 12.7279
5.63545e-08 9.38476e-09 0.72502 12.7279
5.63547e-08 9.38492e-09 0.727296 12.7279
5.63549e-08 9.38508e-09 0.729477 12.7279
5.63551e-08 9.38524e-09 0.731575 12.7279
5.63553e-08 9.3854e-09 0.733609 12.7279
5.63554e-08 9.38556e-09 0.735555 12.7279
5.63556e-08 9.38572e-09 0.737443 12.7279
5.63558e-08 9.38588e-09 0.739251 12.7279
5.6356e-08 9.38605e-09 0.740991 12.7279
5.63561e-08 9.38621e-09 0.742657 12.7279
5.63563e-08 9.38637e-09 0.744268 12.7279
5.63565e-08 9.38653e-09 0.745812 12.7279
5.63567e-08 9.3867e-09 0.747298 12.7279
5.63568e-08 9.38686e-09 0.748731 12.7279
5.6357e-08 9.38703e-09 0.750108 12.7279
5.63572e-08 9.38719e-09 0.751436 12.7279
5.63574e-08 9.38735e-09 0.752721 12.7279
5.63576e-08 9.38752e-09 0.753946 12.7279
5.63577e-08 9.38768e-09 0.755129 12.7279
5.63579e-08 9.38785e-09 0.756274 12.7279
5.63581e-08 9.38801e-09 0.757369 12.7279
5.63583e-08 9.38818e-09 0.758431 12.7279
5.63584e-08 9.38834e-09 0.759446 12.7279
5.63586e-08 9.38851e-09 0.760429 12.7279
5.63588e-08 9.38868e-09 0.761371 12.7279
5.6359e-08 9.38884e-09 0.762272 12.7279
5.63591e-08 9.38901e-09 0.763145 12.7279
5.63593e-08 9.38917e-09 0.763982 12.7279
5.63595e-08 9.38934e-09 0.764793 12.7279
5.63596e-08 9.38951e-09 0.765568 12.7279
5.63598e-08 9.38967e-09 0.76632 12.7279
5.636e-08 9.38984e-09 0.76704 12.7279
5.63602e-08 9.39001e-09 0.767734 12.7279
5.63603e-08 9.39017e-09 0.768399 12.7279
5.63605e-08 9.39034e-09 0.769037 12.7279
5.63607e-08 9.39051e-09 0.769654 12.7279
5.63609e-08 9.39068e-09 0.770249 12.7279
5.6361e-08 9.39085e-09 0.770818 12.7279
5.63612e-08 9.39101e-09 0.77137 12.7279
5.63614e-08 9.39118e-09 0.771896 12.7279
5.63615e-08 9.39135e-09 0.772404 12.7279
5.63617e-08 9.39152e-09 0.772895 12.7279
5.63619e-08 9.39168e-09 0.773364 12.7279
5.63621e-08 9.39185e-09 0.773818 12.7279
5.63622e-08 9.39202e-09 0.774254 12.7279
5.63624e-08 9.39219e-09 0.774671 12.7279
5.63626e-08 9.39236e-09 0.775075 12.7279
5.63628e-08 9.39253e-09 0.775466 12.7279
5.63629e-08 9.39269e-09 0.77584 12.7279
5.63631e-08 9.39286e-09 0.776199 12.7279
5.63633e-08 9.39303e-09 0.776545 12.7279
5.63634e-08 9.3932e-09 0.77688 12.7279
5.63636e-08 9.39337e-09 0.777201 12.7279
5.63638e-08 9.39354e-09 0.777508 12.7279
5.6364e-08 9.39371e-09 0.777806 12.7279
5.63641e-08 9.39388e-09 0.778093 12.7279
5.63643e-08 9.39404e-09 0.778368 12.7279
5.63645e-08 9.39421e-09 0.778634 12.7279
5.63646e-08 9.39438e-09 0.77889 12.7279
5.63648e-08 9.39455e-09 0.779134 12.7279
5.6365e-08 9.39472e-09 0.77937 12.7279
5.63652e-08 9.39489e-09 0.779596 12.7279
5.63653e-08 9.39506e-09 0.779816 12.7279
5.63655e-08 9.39523e-09 0.780025 12.7279
5.63657e-08 9.3954e-09 0.780228 12.7279
5.63658e-08 9.39557e-09 0.780423 12.7279
5.6366e-08 9.39573e-09 0.780611 12.7279
5.63662e-08 9.3959e-09 0.780792 12.7279
5.63663e-08 9.39607e-09 0.780966 12.7279
5.63665e-08 9.39624e-09 0.781132 12.7279
5.63667e-08 9.39641e-09 0.781293 12.7279
5.63669e-08 9.39658e-09 0.781448 12.7279
5.6367e-08 9.39675e-09 0.781597 12.7279
5.63672e-08 9.39692e-09 0.78174 12.7279
5.63674e-08 9.39709e-09 0.781877 12.7279
5.63675e-08 9.39726e-09 0.78201 12.7279
5.63677e-08 9.39742e-09 0.782138 12.7279
5.63678e-08 9.39756e-09 0.78226 12.7279
5.6368e-08 9.3977e-09 0.782379 12.7279
5.63681e-08 9.39782e-09 0.782492 12.7279
5.63682e-08 9.39793e-09 0.782601 12.7279
5.63683e-08 9.39803e-09 0.782706 12.7279
5.63684e-08 9.39812e-09 0.782808 12.7279
5.63685e-08 9.3982e-09 0.782906 12.7279
5.63686e-08 9.39827e-09 0.783 12.7279
5.63686e-08 9.39833e-09 0.78309 12.7279
5.63687e-08 9.39839e-09 0.783177 12.7279
5.63687e-08 9.39843e-09 0.783261 12.7279
5.63688e-08 9.39847e-09 0.783341 12.7279
5.63688e-08 9.3985e-09 0.783419 12.7279
5.63688e-08 9.39852e-09 0.783494 12.7279
5.63688e-08 9.39854e-09 0.783566 12.7279
5.63688e-08 9.39854e-09 0.783634 12.7279
5.63688e-08 9.39855e-09 0.783701 12.7279
5.63688e-08 9.39855e-09 0.783765 12.7279
5.63688e-08 9.39855e-09 0.783826 12.7279
5.63688e-08 9.39855e-09 0.783885 12.7279
5.63688e-08 9.39855e-09 0.783943 12.7279
5.63688e-08 9.39855e-09 0.783998 12.7279
5.63688e-08 9.39856e-09 0.78405 12.7279
5.63689e-08 9.39856e-09 0.784101 12.7279
5.63689e-08 9.39856e-09 0.78415 12.7279
5.63689e-08 9.39856e-09 0.784197 12.7279
5.63689e-08 9.39856e-09 0.784242 12.7279
5.63689e-08 9.39857e-09 0.784286 12.7279
5.63689e-08 9.39857e-09 0.784328 12.7279
5.63689e-08 9.39857e-09 0.784368 12.7279
5.63689e-08 9.39857e-09 0.784407 12.7279
0.135133 0.134867 0.784411 12.537
0.286527 0.285962 0.784411 12.3231
0.435034 0.434177 0.784411 12.1133
0.58131 0.580163 0.784411 11.9066
0.724798 0.723368 0.784411 11.7039
0.865986 0.864278 0.784411 11.5044
1.00491 1.00293 0.784411 11.3082
1.14167 1.13942 0.784411 11.1149
1.27582 1.27331 0.784411 10.9254
1.40735 1.40458 0.784411 10.7396
1.5371 1.53407 0.784411 10.5563
1.66425 1.66097 0.784411 10.3766
1.78962 1.78609 0.784411 10.1995
1.91254 1.90877 0.784411 10.0259
2.03348 2.02947 0.784411 9.85498
2.15261 2.14836 0.784411 9.68668
2.26952 2.26505 0.784411 9.5215
2.38473 2.38003 0.784411 9.35872
2.49775 2.49282 0.784411 9.19906
2.60895 2.6038 0.784411 9.04195
2.71836 2.713 0.784411 8.88738
2.82551 2.81994 0.784411 8.73598
2.93111 2.92533 0.784411 8.58679
3.03502 3.02903 0.784411 8.43999
3.13673 3.13054 0.784411 8.29629
3.23701 3.23063 0.784411 8.15461
3.33538 3.32881 0.784411 8.01563
3.43188 3.42512 0.784411 7.87929
3.52679 3.51983 0.784411 7.74521
3.62017 3.61304 0.784411 7.61327
3.71216 3.70484 0.784411 7.48332
3.80243 3.79493 0.784411 7.35578
3.89121 3.88354 0.784411 7.23035
3.97865 3.97081 0.784411 7.1068
4.06443 4.05642 0.784411 6.98562
4.14892 4.14073 0.784411 6.86626
4.23179 4.22344 0.784411 6.74917
4.31333 4.30483 0.784411 6.63397
4.39356 4.3849 0.784411 6.52062
4.47218 4.46337 0.784411 6.40954
4.54966 4.54069 0.784411 6.30008
4.62582 4.6167 0.784411 6.19248
4.70067 4.6914 0.784411 6.08673
4.7741 4.76468 0.784411 5.98299
4.84642 4.83686 0.784411 5.88081
4.91733 4.90763 0.784411 5.78063
4.98706 4.97723 0.784411 5.68211
5.05571 5.04574 0.784411 5.58512
5.12302 5.11292 0.784411 5.49003
5.18931 5.17908 0.784411 5.39637
5.25431 5.24395 0.784411 5.30453
5.31827 5.30778 0.784411 5.21417
5.38123 5.37062 0.784411 5.12522
5.443 5.43227 0.784411 5.03796
5.50383 5.49298 0.784411 4.95201
5.56351 5.55254 0.784411 4.86769
5.6222 5.61112 0.784411 4.78477
5.67995 5.66875 0.784411 4.70318
5.7368 5.72549 0.784411 4.62286
5.7926 5.78118 0.784411 4.54403
5.84753 5.836 0.784411 4.46643
5.90138 5.88974 0.784411 4.39035
5.95445 5.94271 0.784411 4.31537
6.00661 5.99477 0.784411 4.24167
6.05778 6.04584 0.784411 4.16938
6.10813 6.09609 0.784411 4.09825
6.1577 6.14555 0.784411 4.02822
6.20631 6.19408 0.784411 3.95953
6.2542 6.24187 0.784411 3.89188
6.30117 6.28875 0.784411 3.82551
6.34739 6.33488 0.784411 3.76021
6.39289 6.38029 0.784411 3.69593
6.4375 6.42481 0.784411 3.63291
6.48126 6.46848 0.784411 3.57108
6.52432 6.51145 0.784411 3.51025
6.56675 6.5538 0.784411 3.45031
6.60831 6.59528 0.784411 3.39159
6.64924 6.63613 0.784411 3.33376
6.68942 6.67623 0.784411 3.277
6.72897 6.7157 0.784411 3.22112
6.76793 6.75458 0.784411 3.16608
6.80612 6.7927 0.784411 3.11212
6.8437 6.83021 0.784411 3.05903
6.8806 6.86703 0.784411 3.00689
6.91697 6.90333 0.784411 2.95551
6.95266 6.93895 0.784411 2.90509
6.98774 6.97396 0.784411 2.85553
7.02215 7.0083 0.784411 2.80691
7.05599 7.04208 0.784411 2.75909
7.08935 7.07537 0.784411 2.71198
7.12219 7.10815 0.784411 2.66557
7.15443 7.14033 0.784411 2.62002
7.18601 7.17184 0.784411 2.57541
7.21711 7.20288 0.784411 2.53147
7.24769 7.2334 0.784411 2.48826
7.27769 7.26334 0.784411 2.44588
7.30723 7.29282 0.784411 2.40415
7.3362 7.32174 0.784411 2.36322
7.36468 7.35016 0.784411 2.32298
7.39273 7.37815 0.784411 2.28335
7.42026 7.40563 0.784411 2.24446
7.44739 7.43271 0.784411 2.20613
7.47407 7.45934 0.784411 2.16843
7.50019 7.4854 0.784411 2.13153
7.52592 7.51108 0.784411 2.09518
7.55123 7.53634 0.784411 2.05942
7.57606 7.56113 0.784411 2.02434
7.60051 7.58552 0.784411 1.9898
7.62448 7.60944 0.784411 1.95594
7.64804 7.63296 0.784411 1.92266
7.67128 7.65615 0.784411 1.88982
7.69404 7.67887 0.784411 1.85767
7.71647 7.70126 0.784411 1.82597
7.73856 7.7233 0.784411 1.79477
7.7602 7.74489 0.784411 1.7642
7.78154 7.7662 0.784411 1.73404
7.80248 7.7871 0.784411 1.70446
7.8231 7.80767 0.784411 1.67534
7.84328 7.82781 0.784411 1.64683
7.86315 7.84765 0.784411 1.61875
7.88274 7.8672 0.784411 1.59107
7.9019 7.88632 0.784411 1.564
7.92078 7.90516 0.784411 1.53733
7.93938 7.92373 0.784411 1.51105
7.95759 7.9419 0.784411 1.48532
7.9755 7.95977 0.784411 1.46002
7.99314 7.97738 0.784411 1.4351
8.01044 7.99465 0.784411 1.41066
8.02748 8.01165 0.784411 1.38659
8.04425 8.02839 0.784411 1.3629
8.06067 8.04478 0.784411 1.3397
8.07685 8.06092 0.784411 1.31684
8.09277 8.07681 0.784411 1.29435
8.10839 8.0924 0.784411 1.27228
8.12375 8.10773 0.784411 1.25059
8.13886 8.12282 0.784411 1.22923
8.15373 8.13765 0.784411 1.20823
8.16832 8.15221 0.784411 1.18762
8.18267 8.16653 0.784411 1.16735
8.19674 8.18058 0.784411 1.14746
8.21057 8.19438 0.784411 1.12793
8.2242 8.20798 0.784411 1.10867
8.23761 8.22136 0.784411 1.08973
8.25075 8.23448 0.784411 1.07117
8.26368 8.24739 0.784411 1.0529
8.27637 8.26005 0.784411 1.03497
8.28886 8.27252 0.784411 1.01732
8.30117 8.2848 0.784411 0.999934
8.31322 8.29683 0.784411 0.98291
8.32509 8.30868 0.784411 0.966143
8.33673 8.32029 0.784411 0.949703
8.34818 8.33172 0.784411 0.933527
8.35946 8.34298 0.784411 0.917585
8.37052 8.35402 0.784411 0.901964
8.38142 8.36489 0.784411 0.88657
8.39215 8.3756 0.784411 0.871415
8.40266 8.3861 0.784411 0.856557
8.41302 8.39643 0.784411 0.841923
8.42317 8.40657 0.784411 0.827582
8.43317 8.41654 0.784411 0.813465
8.44297 8.42632 0.784411 0.799617
8.45262 8.43596 0.784411 0.785983
8.46212 8.44544 0.784411 0.772562
8.47147 8.45477 0.784411 0.759356
8.48063 8.4639 0.784411 0.746423
8.48965 8.47291 0.784411 0.733683
8.4985 8.48175 0.784411 0.721168
8.5072 8.49043 0.784411 0.708885
8.51575 8.49896 0.784411 0.696805
8.52417 8.50736 0.784411 0.684913
8.53245 8.51562 0.784411 0.673218
8.54056 8.52372 0.784411 0.661758
8.54855 8.53169 0.784411 0.650476
8.55638 8.53951 0.784411 0.639409
8.56412 8.54723 0.784411 0.62848
8.5717 8.5548 0.784411 0.617776
8.57917 8.56225 0.784411 0.607223
8.58652 8.56959 0.784411 0.596844
8.59373 8.57678 0.784411 0.586658
8.60079 8.58383 0.784411 0.576683
8.60776 8.59079 0.784411 0.566841
8.61461 8.59762 0.784411 0.557163
8.62134 8.60434 0.784411 0.547665
8.62796 8.61094 0.784411 0.538314
8.63445 8.61742 0.784411 0.529147
8.64083 8.62379 0.784411 0.520126
8.6471 8.63005 0.784411 0.511269
8.65328 8.63622 0.784411 0.50254
8.65934 8.64227 0.784411 0.493982
8.66531 8.64822 0.784411 0.485562
8.67117 8.65407 0.784411 0.477276
8.67693 8.65982 0.784411 0.469145
8.6826 8.66548 0.784411 0.461131
8.68816 8.67103 0.784411 0.453279
8.69364 8.6765 0.784411 0.445545
8.69903 8.68188 0.784411 0.437935
8.70431 8.68715 0.784411 0.430471
8.70951 8.69234 0.784411 0.42313
8.71461 8.69743 0.784411 0.415929
8.71963 8.70244 0.784411 0.408839
8.72458 8.70737 0.784411 0.401857
8.72942 8.71221 0.784411 0.395018
8.73419 8.71697 0.784411 0.388279
8.73889 8.72166 0.784411 0.381648
8.74349 8.72625 0.784411 0.375147
8.74802 8.73077 0.784411 0.368751
8.75247 8.73521 0.784411 0.362473
8.75684 8.73958 0.784411 0.356293
8.76114 8.74386 0.784411 0.350233
8.76536 8.74808 0.784411 0.344271
8.76952 8.75223 0.784411 0.338396
8.7736 8.7563 0.784411 0.332632
8.77762 8.76031 0.784411 0.326964
8.78155 8.76424 0.784411 0.321407
8.78543 8.76811 0.784411 0.315937
8.78925 8.77192 0.784411 0.310545
8.793 8.77567 0.784411 0.305241
8.79669 8.77935 0.784411 0.300038
8.80032 8.78297 0.784411 0.294913
8.80388 8.78652 0.784411 0.289889
8.80738 8.79002 0.784411 0.284948
8.81083 8.79346 0.784411 0.280084
8.81421 8.79683 0.784411 0.275315
8.81753 8.80014 0.784411 0.270625
8.8208 8.80341 0.784411 0.266006
8.82401 8.80661 0.784411 0.261485
8.82716 8.80975 0.784411 0.25704
8.83027 8.81285 0.784411 0.252651
8.83332 8.8159 0.784411 0.248349
8.83632 8.8189 0.784411 0.244111
8.83926 8.82183 0.784411 0.239956
8.84216 8.82472 0.784411 0.235872
8.84501 8.82757 0.784411 0.231845
8.84781 8.83036 0.784411 0.227902
8.85056 8.83311 0.784411 0.224016
8.85326 8.83581 0.784411 0.220206
8.85592 8.83846 0.784411 0.216457
8.85854 8.84107 0.784411 0.212771
8.8611 8.84363 0.784411 0.209154
8.86363 8.84615 0.784411 0.205589
8.86612 8.84863 0.784411 0.202081
8.86855 8.85107 0.784411 0.198644
8.87095 8.85345 0.784411 0.19527
8.8733 8.85581 0.784411 0.191949
8.87562 8.85812 0.784411 0.188678
8.8779 8.86039 0.784411 0.185473
8.88014 8.86263 0.784411 0.182313
8.88233 8.86482 0.784411 0.17922
8.8845 8.86698 0.784411 0.176171
8.88663 8.8691 0.784411 0.173167
8.88872 8.87119 0.784411 0.170221
8.89078 8.87325 0.784411 0.167322
8.89279 8.87526 0.784411 0.164479
8.89478 8.87724 0.784411 0.161681
8.89673 8.87919 0.784411 0.158938
8.89865 8.8811 0.784411 0.156238
8.90053 8.88298 0.784411 0.153586
8.90238 8.88483 0.784411 0.150975
8.9042 8.88664 0.784411 0.148415
8.90599 8.88843 0.784411 0.145895
8.90775 8.89019 0.784411 0.143415
8.90948 8.89191 0.784411 0.140982
8.91118 8.89361 0.784411 0.13859
8.91286 8.89528 0.784411 0.136233
8.9145 8.89692 0.784411 0.133925
8.91612 8.89854 0.784411 0.131649
8.91771 8.90012 0.784411 0.129412
8.91927 8.90168 0.784411 0.127218
8.9208 8.90321 0.784411 0.125058
8.92231 8.90472 0.784411 0.122937
8.9238 8.9062 0.784411 0.120854
8.92526 8.90766 0.784411 0.118802
8.92669 8.90909 0.784411 0.116791
8.9281 8.91049 0.784411 0.114811
8.92948 8.91188 0.784411 0.112864
8.93084 8.91323 0.784411 0.110955
8.93218 8.91457 0.784411 0.109074
8.9335 8.91588 0.784411 0.10723
8.93479 8.91717 0.784411 0.105417
8.93606 8.91844 0.784411 0.103629
8.93731 8.91969 0.784411 0.101877
8.93854 8.92092 0.784411 0.100154
8.93975 8.92213 0.784411 0.0984579
8.94094 8.92332 0.784411 0.0967888
8.94211 8.92448 0.784411 0.0951526
8.94326 8.92563 0.784411 0.0935445
8.94439 8.92675 0.784411 0.0919673
8.9455 8.92786 0.784411 0.0904141
8.94659 8.92895 0.784411 0.0888838
8.94767 8.93003 0.784411 0.0873791
8.94872 8.93108 0.784411 0.0859034
8.94976 8.93211 0.784411 0.0844583
8.95078 8.93313 0.784411 0.0830344
8.95178 8.93413 0.784411 0.0816358
8.95276 8.93511 0.784411 0.08026
8.95373 8.93608 0.784411 0.0789107
8.95469 8.93703 0.784411 0.0775812
8.95562 8.93796 0.784411 0.0762755
8.95654 8.93888 0.784411 0.0749897
8.95745 8.93979 0.784411 0.0737294
8.95834 8.94068 0.784411 0.0724903
8.95921 8.94155 0.784411 0.0712745
8.96008 8.94241 0.784411 0.0700773
8.96092 8.94325 0.784411 0.0689039
8.96175 8.94408 0.784411 0.0677507
8.96257 8.9449 0.784411 0.0666148
8.96337 8.9457 0.784411 0.0655019
8.96416 8.94649 0.784411 0.064405
8.96494 8.94726 0.784411 0.0633272
8.9657 8.94802 0.784411 0.0622708
8.96646 8.94878 0.784411 0.0612307
8.96719 8.94951 0.784411 0.0602113
8.96792 8.95024 0.784411 0.0592096
8.96863 8.95095 0.784411 0.0582244
8.96934 8.95165 0.784411 0.0572544
8.97003 8.95234 0.784411 0.056301
8.97071 8.95302 0.784411 0.0553656
8.97138 8.95369 0.784411 0.0544448
8.97204 8.95434 0.784411 0.0535397
8.97268 8.95499 0.784411 0.052654
8.97332 8.95562 0.784411 0.0517822
8.97394 8.95625 0.784411 0.050927
8.97456 8.95686 0.784411 0.0500851
8.97516 8.95746 0.784411 0.0492581
8.97575 8.95806 0.784411 0.048448
8.97634 8.95864 0.784411 0.0476515
8.97691 8.95921 0.784411 0.0468682
8.97748 8.95978 0.784411 0.0461004
8.97803 8.96033 0.784411 0.045345
8.97858 8.96088 0.784411 0.0446015
8.97912 8.96142 0.784411 0.043871
8.97965 8.96194 0.784411 0.0431552
8.98017 8.96246 0.784411 0.0424507
8.98068 8.96298 0.784411 0.0417609
8.98119 8.96348 0.784411 0.0410838
8.98168 8.96397 0.784411 0.0404181
8.98217 8.96446 0.784411 0.0397624
8.98265 8.96494 0.784411 0.0391207
8.98312 8.96541 0.784411 0.0384902
8.98359 8.96587 0.784411 0.0378703
8.98404 8.96633 0.784411 0.0372629
8.98449 8.96678 0.784411 0.036664
8.98493 8.96722 0.784411 0.0360774
8.98537 8.96765 0.784411 0.0355006
8.9858 8.96808 0.784411 0.034936
8.98622 8.9685 0.784411 0.0343817
8.98663 8.96891 0.784411 0.033837
8.98704 8.96932 0.784411 0.0333018
8.98744 8.96972 0.784411 0.0327762
8.98784 8.97012 0.784411 0.0322603
8.98823 8.97051 0.784411 0.0317535
8.98861 8.97089 0.784411 0.0312577
8.98899 8.97127 0.784411 0.0307714
8.98936 8.97164 0.784411 0.0302931
8.98973 8.972 0.784411 0.0298235
8.99009 8.97236 0.784411 0.0293623
8.99044 8.97272 0.784411 0.0289103
8.99079 8.97306 0.784411 0.0284678
8.99113 8.97341 0.784411 0.0280333
8.99147 8.97374 0.784411 0.0276066
8.99181 8.97408 0.784411 0.0271878
8.99214 8.9744 0.784411 0.0267769
8.99246 8.97473 0.784411 0.0263748
8.99278 8.97505 0.784411 0.0259793
8.99309 8.97536 0.784411 0.0255922
8.9934 8.97567 0.784411 0.0252122
8.9937 8.97597 0.784411 0.0248409
8.994 8.97627 0.784411 0.0244768
8.9943 8.97656 0.784411 0.0241199
8.99459 8.97685 0.784411 0.0237693
8.99488 8.97714 0.784411 0.0234267
8.99516 8.97742 0.784411 0.0230911
8.99544 8.9777 0.784411 0.022762
8.99571 8.97797 0.784411 0.0224391
8.99598 8.97824 0.784411 0.0221226
8.99625 8.97851 0.784411 0.0218133
8.99651 8.97877 0.784411 0.02151
8.99677 8.97903 0.784411 0.0212139
8.99703 8.97929 0.784411 0.0209239
8.99728 8.97954 0.784411 0.0206397
8.99753 8.97979 0.784411 0.020362
8.99778 8.98003 0.784411 0.02009
8.99802 8.98028 0.784411 0.0198239
8.99803 8.98029 0.83776 0.0198084
8.99803 8.98029 0.892741 0.0198084
8.99803 8.98029 0.945917 0.0198084
8.99803 8.98029 0.996969 0.0198084
8.99803 8.98029 1.04626 0.0198084
8.99803 8.98029 1.09353 0.0198084
8.99803 8.98029 1.13876 0.0198084
8.99803 8.98029 1.18239 0.0198084
8.99803 8.98029 1.22448 0.0198084
8.99803 8.98029 1.26484 0.0198084
8.99803 8.98029 1.30462 0.0198084
8.99803 8.98029 1.34224 0.0198084
8.99803 8.98029 1.37852 0.0198084
8.99803 8.98029 1.41322 0.0198084
8.99803 8.98029 1.44658 0.0198084
8.99803 8.98029 1.47875 0.0198084
8.99803 8.98029 1.50985 0.0198084
8.99803 8.98029 1.53954 0.0198084
8.99803 8.98029 1.56808 0.0198084
8.99803 8.98029 1.59571 0.0198084
8.99803 8.98029 1.62232 0.0198084
8.99803 8.98029 1.64775 0.0198084
8.99803 8.98029 1.67229 0.0198084
8.99803 8.98029 1.69598 0.0198084
8.99803 8.98029 1.71862 0.0198084
8.99803 8.98029 1.74049 0.0198084
8.99803 8.98029 1.76154 0.0198084
8.99803 8.98029 1.78184 0.0198084
8.99803 8.98029 1.80126 0.0198084
8.99803 8.98029 1.82011 0.0198084
8.99803 8.98029 1.83816 0.0198084
8.99803 8.98029 1.85557 0.0198084
8.99803 8.98029 1.87238 0.0198084
8.99803 8.98029 1.88858 0.0198084
8.99803 8.98029 1.90407 0.0198084
8.99803 8.98029 1.91891 0.0198084
8.99803 8.98029 1.93325 0.0198084
8.99803 8.98029 1.94708 0.0198084
8.99803 8.98029 1.96044 0.0198084
8.99803 8.98029 1.9732 0.0198084
8.99803 8.98029 1.98548 0.0198084
8.99803 8.98029 1.99738 0.0198084
8.99803 8.98029 2.00875 0.0198084
8.99803 8.98029 2.01975 0.0198084
8.99803 8.98029 2.03033 0.0198084
8.99803 8.98029 2.04044 0.0198084
8.99803 8.98029 2.05024 0.0198084
8.99803 8.98029 2.05964 0.0198084
8.99803 8.98029 2.06865 0.0198084
8.99803 8.98029 2.07733 0.0198084
8.99803 8.98029 2.08573 0.0198084
8.99803 8.98029 2.09382 0.0198084
8.99803 8.98029 2.10155 0.0198084
8.99803 8.98029 2.10902 0.0198084
8.99803 8.98029 2.11624 0.0198084
8.99803 8.98029 2.1232 0.0198084
8.99803 8.98029 2.12982 0.0198084
8.99803 8.98029 2.13623 0.0198084
8.99803 8.98029 2.14241 0.0198084
8.99803 8.98029 2.14838 0.0198084
8.99803 8.98029 2.15407 0.0198084
8.99803 8.98029 2.15955 0.0198084
8.99803 8.98029 2.16485 0.0198084
8.99803 8.98029 2.16992 0.0198084
8.99803 8.98029 2.17481 0.0198084
8.99803 8.98029 2.17956 0.0198084
8.99803 8.98029 2.18407 0.0198084
8.99803 8.98029 2.18843 0.0198084
8.99803 8.98029 2.19265 0.0198084
8.99803 8.98029 2.19669 0.0198084
8.99803 8.98029 2.20056 0.0198084
8.99803 8.98029 2.2043 0.0198084
8.99803 8.98029 2.20793 0.0198084
8.99803 8.98029 2.21141 0.0198084
8.99803 8.98029 2.21475 0.0198084
8.99803 8.98029 2.21798 0.0198084
8.99803 8.98029 2.22107 0.0198084
8.99803 8.98029 2.22404 0.0198084
8.99803 8.98029 2.2269 0.0198084
8.99803 8.98029 2.22964 0.0198084
8.99803 8.98029 2.23228 0.0198084
8.99803 8.98029 2.23484 0.0198084
8.99803 8.98029 2.2373 0.0198084
8.99803 8.98029 2.23966 0.0198084
8.99803 8.98029 2.24193 0.0198084
8.99803 8.98029 2.24412 0.0198084
8.99803 8.98029 2.24621 0.0198084
8.99803 8.98029 2.24824 0.0198084
8.99803 8.98029 2.25019 0.0198084
8.99803 8.98029 2.25206 0.0198084
8.99803 8.98029 2.25386 0.0198084
8.99803 8.98029 2.25561 0.0198084
8.99803 8.98029 2.25727 0.0198084
8.99803 8.98029 2.25888 0.0198084
8.99803 8.98029 2.26044 0.0198084
8.99803 8.98029 2.26192 0.0198084
8.99803 8.98029 2.26336 0.0198084
8.99803 8.98029 2.26474 0.0198084
8.99803 8.98029 2.26606 0.0198084
8.99803 8.98029 2.26733 0.0198084
8.99803 8.98029 2.26856 0.0198084
8.99803 8.98029 2.26975 0.0198084
8.99803 8.98029 2.27089 0.0198084
8.99803 8.98029 2.27198 0.0198084
8.99803 8.98029 2.27303 0.0198084
8.99803 8.98029 2.27405 0.0198084
8.99803 8.98029 2.27503 0.0198084
8.99803 8.98029 2.27597 0.0198084
8.99803 8.98029 2.27688 0.0198084
8.99803 8.98029 2.27775 0.0198084
8.99803 8.98029 2.2786 0.0198084
8.99803 8.98029 2.27941 0.0198084
8.99803 8.98029 2.28018 0.0198084
8.99803 8.98029 2.28092 0.0198084
8.99803 8.98029 2.28164 0.0198084
8.99803 8.98029 2.28233 0.0198084
8.99803 8.98029 2.283 0.0198084
8.99803 8.98029 2.28364 0.0198084
8.99803 8.98029 2.28426 0.0198084
8.99803 8.98029 2.28485 0.0198084
8.99803 8.98029 2.28542 0.0198084
8.99803 8.98029 2.28597 0.0198084
8.99803 8.98029 2.2865 0.0198084
8.99803 8.98029 2.287 0.0198084
8.99803 8.98029 2.28749 0.0198084
8.99803 8.98029 2.28796 0.0198084
8.99803 8.98029 2.28842 0.0198084
8.99803 8.98029 2.28885 0.0198084
8.99803 8.98029 2.28927 0.0198084
8.99803 8.98029 2.28968 0.0198084
8.99803 8.98029 2.29006 0.0198084
8.99803 8.98029 2.29044 0.0198084
8.99803 8.98029 2.2908 0.0198084
8.99803 8.98029 2.29115 0.0198084
8.99803 8.98029 2.29148 0.0198084
8.99803 8.98029 2.2918 0.0198084
8.99803 8.98029 2.29211 0.0198084
8.99803 8.98029 2.29241 0.0198084
8.99803 8.98029 2.29269 0.0198084
8.99803 8.98029 2.29297 0.0198084
8.99803 8.98029 2.29324 0.0198084
8.99803 8.98029 2.29349 0.0198084
8.99803 8.98029 2.29373 0.0198084
8.99803 8.98029 2.29397 0.0198084
8.99803 8.98029 2.2942 0.0198084
8.99803 8.98029 2.29442 0.0198084
8.99803 8.98029 2.29463 0.0198084
8.99803 8.98029 2.29483 0.0198084
8.99803 8.98029 2.29503 0.0198084
8.99803 8.98029 2.29521 0.0198084
8.99803 8.98029 2.29539 0.0198084
8.99803 8.98029 2.29557 0.0198084
8.99803 8.98029 2.29573 0.0198084
8.99803 8.98029 2.29589 0.0198084
8.99803 8.98029 2.29605 0.0198084
8.99803 8.98029 2.2962 0.0198084
8.99803 8.98029 2.29634 0.0198084
8.99803 8.98029 2.29648 0.0198084
8.99803 8.98029 2.29661 0.0198084
8.99803 8.98029 2.29674 0.0198084
8.99803 8.98029 2.29686 0.0198084
8.99803 8.98029 2.29698 0.0198084
8.99803 8.98029 2.29709 0.0198084
8.99803 8.98029 2.2972 0.0198084
8.99803 8.98029 2.29731 0.0198084
8.99803 8.98029 2.29741 0.0198084
8.99803 8.98029 2.29751 0.0198084
8.99803 8.98029 2.2976 0.0198084
8.99803 8.98029 2.29769 0.0198084
8.99803 8.98029 2.29778 0.0198084
8.99803 8.98029 2.29786 0.0198084
8.99803 8.98029 2.29794 0.0198084
8.99803 8.98029 2.29802 0.0198084
8.99803 8.98029 2.2981 0.0198084
8.99803 8.98029 2.29817 0.0198084
8.99803 8.98029 2.29824 0.0198084
8.99803 8.98029 2.2983 0.0198084
8.99803 8.98029 2.29837 0.0198084
8.99803 8.98029 2.29843 0.0198084
8.99803 8.98029 2.29849 0.0198084
8.99803 8.98029 2.29854 0.0198084
8.99803 8.98029 2.2986 0.0198084
8.99803 8.98029 2.29865 0.0198084
8.99803 8.98029 2.2987 0.0198084
8.99803 8.98029 2.29875 0.0198084
8.99803 8.98029 2.2988 0.0198084
8.99803 8.98029 2.29884 0.0198084
8.99803 8.98029 2.29889 0.0198084
8.99803 8.98029 2.29893 0.0198084
8.99803 8.98029 2.29897 0.0198084
8.99803 8.98029 2.29901 0.0198084
8.99803 8.98029 2.29905 0.0198084
8.99803 8.98029 2.29908 0.0198084
8.99803 8.98029 2.29912 0.0198084
8.99803 8.98029 2.29915 0.0198084
8.99803 8.98029 2.29918 0.0198084
8.99803 8.98029 2.29921 0.0198084
8.99803 8.98029 2.29924 0.0198084
8.99803 8.98029 2.29927 0.0198084
8.99803 8.98029 2.2993 0.0198084
8.99803 8.98029 2.29933 0.0198084
8.99803 8.98029 2.29935 0.0198084
8.99803 8.98029 2.29937 0.0198084
8.99803 8.98029 2.2994 0.0198084
8.99803 8.98029 2.29942 0.0198084
8.99803 8.98029 2.29944 0.0198084
8.99803 8.98029 2.29946 0.0198084
8.99803 8.98029 2.29948 0.0198084
8.99803 8.98029 2.2995 0.0198084
8.99803 8.98029 2.29952 0.0198084
8.99803 8.98029 2.29954 0.0198084
8.99803 8.98029 2.29956 0.0198084
8.99803 8.98029 2.29957 0.0198084
8.99803 8.98029 2.29959 0.0198084
8.99803 8.98029 2.29961 0.0198084
8.99803 8.98029 2.29962 0.0198084
8.99803 8.98029 2.29963 0.0198084
8.99803 8.98029 2.29965 0.0198084
8.99803 8.98029 2.29966 0.0198084
8.99803 8.98029 2.29967 0.0198084
8.99803 8.98029 2.29969 0.0198084
8.99803 8.98029 2.2997 0.0198084
8.99803 8.98029 2.29971 0.0198084
8.99803 8.98029 2.29972 0.0198084
8.99803 8.98029 2.29973 0.0198084
8.99803 8.98029 2.29974 0.0198084
8.99803 8.98029 2.29975 0.0198084
8.99803 8.98029 2.29976 0.0198084
8.99803 8.98029 2.29977 0.0198084
8.99803 8.98029 2.29978 0.0198084
8.99803 8.98029 2.29979 0.0198084
8.99803 8.98029 2.29979 0.0198084
8.99803 8.98029 2.2998 0.0198084
8.99803 8.98029 2.29981 0.0198084
8.99803 8.98029 2.29982 0.0198084
8.99803 8.98029 2.29982 0.0198084
8.99803 8.98029 2.29983 0.0198084
8.99803 8.98029 2.29984 0.0198084
8.99803 8.98029 2.29984 0.0198084
8.99803 8.98029 2.29985 0.0198084
8.99803 8.98029 2.29985 0.0198084
8.99803 8.98029 2.29986 0.0198084
8.99803 8.98029 2.29987 0.0198084
8.99803 8.98029 2.29987 0.0198084
8.99803 8.98029 2.29988 0.0198084
8.99803 8.98029 2.29988 0.0198084
8.99803 8.98029 2.29988 0.0198084
8.99803 8.98029 2.29989 0.0198084
8.99803 8.98029 2.29989 0.0198084
8.99803 8.98029 2.2999 0.0198084
8.99803 8.98029 2.2999 0.0198084
8.99803 8.98029 2.2999 0.0198084
8.99803 8.98029 2.29991 0.0198084
8.99803 8.98029 2.29991 0.0198084
8.99803 8.98029 2.29992 0.0198084
8.99803 8.98029 2.29992 0.0198084
8.99803 8.98029 2.29992 0.0198084
8.99803 8.98029 2.29992 0.0198084
8.99803 8.98029 2.29993 0.0198084
8.99803 8.98029 2.29993 0.0198084
8.99803 8.98029 2.29993 0.0198084
8.99803 8.98029 2.29994 0.0198084
8.99803 8.98029 2.29994 0.0198084
8.99803 8.98029 2.29994 0.0198084
8.99803 8.98029 2.29994 0.0198084
8.99803 8.98029 2.29994 0.0198084
8.99803 8.98029 2.29995 0.0198084
8.99803 8.98029 2.29995 0.0198084
8.99803 8.98029 2.29995 0.0198084
8.99803 8.98029 2.29995 0.0198084
8.99803 8.98029 2.29995 0.0198084
8.99803 8.98029 2.29996 0.0198084
8.99803 8.98029 2.29996 0.0198084
8.99803 8.98029 2.29996 0.0198084
8.99803 8.98029 2.29996 0.0198084
8.99803 8.98029 2.29996 0.0198084
8.99803 8.98029 2.29996 0.0198084
8.99803 8.98029 2.29996 0.0198084
8.99803 8.98029 2.29997 0.0198084
8.99803 8.98029 2.29997 0.0198084
8.99803 8.98029 2.29997 0.0198084
8.99803 8.98029 2.29997 0.0198084
8.99803 8.98029 2.29997 0.0198084
8.99803 8.98029 2.29997 0.0198084
8.99803 8.98029 2.29997 0.0198084
8.99803 8.98029 2.29997 0.0198084
8.99803 8.98029 2.29998 0.0198084
8.99803 8.98029 2.29998 0.0198084
8.99803 8.98029 2.29998 0.0198084
8.99803 8.98029 2.29998 0.0198084
8.99803 8.98029 2.29998 0.0198084
8.99803 8.98029 2.29998 0.0198084
8.99803 8.98029 2.29998 0.0198084
8.99803 8.98029 2.29998 0.0198084
8.99803 8.98029 2.29998 0.0198084
8.99803 8.98029 2.29998 0.0198084
8.99803 8.98029 2.29998 0.0198084
8.99803 8.98029 2.29998 0.0198084
8.99803 8.98029 2.29998 0.0198084
8.99803 8.98029 2.29998 0.0198084
8.99803 8.98029 2.29999 0.0198084
8.99803 8.98029 2.29999 0.0198084
8.99803 8.98029 2.29999 0.0198084
8.99803 8.98029 2.29999 0.0198084
8.99803 8.98029 2.29999 0.0198084
8.99803 8.98029 2.29999 0.0198084
8.99803 8.98029 2.29999 0.0198084
8.99803 8.98029 2.29999 0.0198084
8.99803 8.98029 2.29999 0.0198084
8.99803 8.98029 2.29999 0.0198084
8.99803 8.98029 2.29999 0.0198084
8.99803 8.98029 2.29999 0.0198084
8.99803 8.98029 2.29999 0.0198084
8.99803 8.98029 2.29999 0.0198084
8.99803 8.98029 2.29999 0.0198084
8.99803 8.98029 2.29999 0.0198084
8.99803 8.98029 2.29999 0.0198084
8.99803 8.98029 2.29999 0.0198084
8.99803 8.98029 2.29999 0.0198084
8.99803 8.98029 2.29999 0.0198084
8.99803 8.98029 2.29999 0.0198084
8.99803 8.98029 2.29999 0.0198084
8.99803 8.98029 2.29999 0.0198084
8.99803 8.98029 2.29999 0.0198084
8.99803 8.98029 2.29999 0.0198084
8.99803 8.98029 2.29999 0.0198084
8.99803 8.98029 2.29999 0.0198084
8.99803 8.98029 2.29999 0.0198084
8.99803 8.98029 2.29999 0.0198084
8.99803 8.98029 2.3 0.0198084
8.99803 8.98029 2.3 0.0198084
8.99803 8.98029 2.3 0.0198084
8.99803 8.98029 2.3 0.0198084
8.99803 8.98029 2.3 0.0198084
8.99803 8.98029 2.3 0.0198084
8.99803 8.98029 2.3 0.0198084
8.99803 8.98029 2.3 0.0198084
8.99803 8.98029 2.3 0.0198084
8.99803 8.98029 2.3 0.0198084
8.99803 8.98029 2.3 0.0198084
8.99803 8.98029 2.3 0.0198084
8.99803 8.98029 2.3 0.0198084
8.99803 8.98029 2.3 0.0198084
8.99803 8.98029 2.3 0.0198084
8.99803 8.98029 2.3 0.0198084
8.99803 8.98029 2.3 0.0198084
8.99803 8.98029 2.3 0.0198084
8.99803 8.98029 2.3 0.0198084
8.99803 8.98029 2.3 0.0198084
8.99803 8.98029 2.3 0.0198084
8.99803 8.98029 2.3 0.0198084
8.99803 8.98029 2.3 0.0198084
8.99803 8.98029 2.3 0.0198084
8.99803 8.98029 2.3 0.0198084
8.99803 8.98029 2.3 0.0198084
8.99803 8.98029 2.3 0.0198084
8.99803 8.98029 2.3 0.0198084
8.99803 8.98029 2.3 0.0198084
8.99803 8.98029 2.3 0.0198084
8.99803 8.98029 2.3 0.0198084
8.99803 8.98029 2.3 0.0198084
8.99803 8.98029 2.3 0.0198084
8.99803 8.98029 2.3 0.0198084
8.99803 8.98029 2.3 0.0198084
8.99803 8.98029 2.3 0.0198084
8.99803 8.98029 2.3 0.0198084
8.99803 8.98029 2.3 0.0198084
8.99803 8.98029 2.3 0.0198084
8.99803 8.98029 2.3 0.0198084
8.99803 8.98029 2.3 0.0198084
8.99803 8.98029 2.3 0.0198084
8.99803 8.98029 2.3 0.0198084
8.99803 8.98029 2.3 0.0198084
8.99803 8.98029 2.3 0.0198084
8.99803 8.98029 2.3 0.0198084
8.99803 8.98029 2.3 0.0198084
8.99803 8.98029 2.3 0.0198084
8.99803 8.98029 2.3 0.0198084
8.99803 8.98029 2.3 0.0198084
8.99803 8.98029 2.3 0.0198084
8.99803 8.98029 2.3 0.0198084
8.99803 8.98029 2.3 0.0198084
8.99803 8.98029 2.3 0.0198084
8.99803 8.98029 2.3 0.0198084
8.99803 8.98029 2.3 0.0198084
8.99803 8.98029 2.3 0.0198084
8.99803 8.98029 2.3 0.0198084
8.99803 8.98029 2.3 0.0198084
8.99803 8.98029 2.3 0.0198084
8.99803 8.98029 2.3 0.0198084
8.99803 8.98029 2.3 0.0198084
8.99803 8.98029 2.3 0.0198084
8.99803 8.98029 2.3 0.0198084
8.99803 8.98029 2.3 0.0198084
8.99803 8.98029 2.3 0.0198084
8.99803 8.98029 2.3 0.0198084
8.99803 8.98029 2.3 0.0198084
8.99803 8.98029 2.3 0.0198084
8.99803 8.98029 2.3 0.0198084
8.99803 8.98029 2.3 0.0198084
8.99803 8.98029 2.3 0.0198084
8.99803 8.98029 2.3 0.0198084
8.99803 8.98029 2.3 0.0198084
8.99803 8.98029 2.3 0.0198084
8.99803 8.98029 2.3 0.0198084
8.99803 8.98029 2.3 0.0198084
8.99803 8.98029 2.3 0.0198084
8.99803 8.98029 2.3 0.0198084
8.99803 8.98029 2.3 0.0198084
8.99803 8.98029 2.3 0.0198084
8.99803 8.98029 2.3 0.0198084
8.99803 8.98029 2.3 0.0198084
8.99803 8.98029 2.3 0.0198084
8.99803 8.98029 2.3 0.0198084
8.99803 8.98029 2.3 0.0198084
8.99803 8.98029 2.3 0.0198084
8.99803 8.98029 2.3 0.0198084
8.99803 8.98029 2.3 0.0198084
8.99803 8.98029 2.3 0.0198084
8.99803 8.98029 2.3 0.0198084
8.99803 8.98029 2.3 0.0198084
8.99803 8.98029 2.3 0.0198084
8.99803 8.98029 2.3 0.0198084
8.99803 8.98029 2.3 0.0198084
8.99803 8.98029 2.3 0.0198084
8.99803 8.98029 2.3 0.0198084
8.99803 8.98029 2.3 0.0198084
8.99803 8.98029 2.3 0.0198084
8.99803 8.98029 2.3 0.0198084
8.99803 8.98029 2.3 0.0198084
8.99803 8.98029 2.3 0.0198084
8.99803 8.98029 2.3 0.0198084
8.99803 8.98029 2.3 0.0198084
8.99803 8.98029 2.3 0.0198084
8.99803 8.98029 2.3 0.0198084
8.99803 8.98029 2.3 0.0198084
8.99803 8.98029 2.3 0.0198084
8.99803 8.98029 2.3 0.0198084
8.99803 8.98029 2.3 0.0198084
8.99803 8.98029 2.3 0.0198084
8.99803 8.98029 2.3 0.0198084
8.99803 8.98029 2.3 0.0198084
8.99803 8.98029 2.3 0.0198084
8.99803 8.98029 2.3 0.0198084
8.99803 8.98029 2.3 0.0198084
8.99803 8.98029 2.3 0.0198084
8.99803 8.98029 2.3 0.0198084
8.99803 8.98029 2.3 0.0198084
8.99803 8.98029 2.3 0.0198084
8.99803 8.98029 2.3 0.0198084
8.99803 8.98029 2.3 0.0198084
8.99803 8.98029 2.3 0.0198084
8.99803 8.98029 2.3 0.0198084
8.99803 8.98029 2.3 0.0198084
8.99803 8.98029 2.3 0.0198084
8.99803 8.98029 2.3 0.0198084
8.99803 8.98029 2.3 0.0198084
8.99803 8.98029 2.3 0.0198084
8.99803 8.98029 2.3 0.0198084
8.99803 8.98029 2.3 0.0198084
8.99803 8.98029 2.3 0.0198084
8.99803 8.98029 2.3 0.0198084
8.99803 8.98029 2.3 0.0198084
8.99803 8.98029 2.3 0.0198084
8.99803 8.98029 2.3 0.0198084
8.99803 8.98029 2.3 0.0198084
8.99803 8.98029 2.3 0.0198084
8.99803 8.98029 2.3 0.0198084
8.99803 8.98029 2.3 0.0198084
8.99803 8.98029 2.3 0.0198084
8.99803 8.98029 2.3 0.0198084
8.99803 8.98029 2.3 0.0198084
8.99803 8.98029 2.3 0.0198084
8.99803 8.98029 2.3 0.0198084
8.99803 8.98029 2.3 0.0198084
8.99803 8.98029 2.3 0.0198084
8.99803 8.98029 2.3 0.0198084
8.99803 8.98029 2.3 0.0198084
8.99803 8.98029 2.3 0.0198084
8.99803 8.98029 2.3 0.0198084
8.99803 8.98029 2.3 0.0198084
8.99803 8.98029 2.3 0.0198084
8.99803 8.98029 2.3 0.0198084
8.99803 8.98029 2.3 0.0198084
8.99803 8.98029 2.3 0.0198084
8.99803 8.98029 2.3 0.0198084
8.99803 8.98029 2.3 0.0198084
8.99803 8.98029 2.3 0.0198084
8.99803 8.98029 2.3 0.0198084
8.99803 8.98029 2.3 0.0198084
8.99803 8.98029 2.3 0.0198084
8.99803 8.98029 2.3 0.0198084
8.99803 8.98029 2.3 0.0198084
8.99803 8.98029 2.3 0.0198084
8.99803 8.98029 2.3 0.0198084
8.99803 8.98029 2.3 0.0198084
8.99803 8.98029 2.3 0.0198084
8.99803 8.98029 2.3 0.0198084
8.99803 8.98029 2.3 0.0198084
8.99803 8.98029 2.3 0.0198084
8.99803 8.98029 2.3 0.0198084
8.99803 8.98029 2.3 0.0198084
8.99803 8.98029 2.3 0.0198084
8.99803 8.98029 2.3 0.0198084
8.99803 8.98029 2.3 0.0198084
8.99803 8.98029 2.3 0.0198084
8.99803 8.98029 2.3 0.0198084
8.99803 8.98029 2.3 0.0198084
8.99803 8.98029 2.3 0.0198084
8.99803 8.98029 2.3 0.0198084
8.99803 8.98029 2.3 0.0198084
8.99803 8.98029 2.3 0.0198084
8.99803 8.98029 2.3 0.0198084
8.99803 8.98029 2.3 0.0198084
8.99803 8.98029 2.3 0.0198084
8.99803 8.98029 2.3 0.0198084
8.99803 8.98029 2.3 0.0198084
8.99803 8.98029 2.3 0.0198084
8.99803 8.98029 2.3 0.0198084
8.99803 8.98029 2.3 0.0198084
